0.000000000000 0.000000000000
0.035835766267 0.045542161290
0.073743816490 0.089374459052
0.113642674670 0.131402684268
0.155446585954 0.171536505421
0.199065700943 0.209689662648
0.244406268813 0.245780153142
0.291370838811 0.279730407394
0.339858469705 0.311467455921
0.389764946739 0.340923086094
0.440983005625 0.368033988750
0.493402563082 0.392741894265
0.546910953441 0.414993697789
0.601393170798 0.434741573388
0.656732116199 0.451943076835
0.712808849316 0.466561236835
0.769502844091 0.478564634489
0.826692247783 0.487927470824
0.884254142864 0.494629622239
0.942064811208 0.498656683760
1.000000000000 0.500000000000
1.057935188792 0.498656683760
1.115745857136 0.494629622239
1.173307752217 0.487927470824
1.230497155909 0.478564634489
1.287191150684 0.466561236835
1.343267883801 0.451943076835
1.398606829202 0.434741573388
1.453089046559 0.414993697789
1.506597436918 0.392741894265
1.559016994375 0.368033988750
1.610235053261 0.340923086094
1.660141530295 0.311467455921
1.708629161189 0.279730407394
1.755593731187 0.245780153142
1.800934299057 0.209689662648
1.844553414046 0.171536505421
1.886357325330 0.131402684268
1.926256183510 0.089374459052
1.964164233733 0.045542161290
2.000000000000 -0.000000000000
