1.000000000000 0.000000000000
0.999914327574 0.013089595571
0.999657324976 0.026176948308
0.999229036241 0.039259815759
0.998629534755 0.052335956243
0.997858923239 0.065403129230
0.996917333733 0.078459095728
0.995804927575 0.091501618663
0.994521895368 0.104528463268
0.993068456955 0.117537397458
0.991444861374 0.130526192220
0.989651386820 0.143492621991
0.987688340595 0.156434465040
0.985556059058 0.169349503849
0.983254907564 0.182235525492
0.980785280403 0.195090322016
0.978147600734 0.207911690818
0.975342320509 0.220697435022
0.972369920398 0.233445363856
0.969230909707 0.246153293029
0.965925826289 0.258819045103
0.962455236454 0.271440449865
0.958819734868 0.284015344704
0.955019944457 0.296541574976
0.951056516295 0.309016994375
0.946930129495 0.321439465303
0.942641491092 0.333806859234
0.938191335922 0.346117057077
0.933580426497 0.358367949545
0.928809552872 0.370557437510
0.923879532511 0.382683432365
0.918791210149 0.394743856384
0.913545457643 0.406736643076
0.908143173825 0.418659737537
0.902585284350 0.430511096808
0.896872741533 0.442288690219
0.891006524188 0.453990499740
0.884987637463 0.465614520325
0.878817112662 0.477158760260
0.872496007073 0.488621241497
0.866025403784 0.500000000000
0.859406411501 0.511293086077
0.852640164354 0.522498564716
0.845727821704 0.533614515916
0.838670567945 0.544639035015
0.831469612303 0.555570233020
0.824126188622 0.566406236925
0.816641555162 0.577145190037
0.809016994375 0.587785252292
0.801253812691 0.598324600571
0.793353340291 0.608761429009
0.785316930881 0.619093949310
0.777145961457 0.629320391050
0.768841832073 0.639439001981
0.760405965600 0.649448048330
0.751839807479 0.659345815100
0.743144825477 0.669130606359
0.734322509436 0.678800745533
0.725374371012 0.688354575694
0.716301943425 0.697790459842
0.707106781187 0.707106781187
0.697790459842 0.716301943425
0.688354575694 0.725374371012
0.678800745533 0.734322509436
0.669130606359 0.743144825477
0.659345815100 0.751839807479
0.649448048330 0.760405965600
0.639439001981 0.768841832073
0.629320391050 0.777145961457
0.619093949310 0.785316930881
0.608761429009 0.793353340291
0.598324600571 0.801253812691
0.587785252292 0.809016994375
0.577145190037 0.816641555162
0.566406236925 0.824126188622
0.555570233020 0.831469612303
0.544639035015 0.838670567945
0.533614515916 0.845727821704
0.522498564716 0.852640164354
0.511293086077 0.859406411501
0.500000000000 0.866025403784
0.488621241497 0.872496007073
0.477158760260 0.878817112662
0.465614520325 0.884987637463
0.453990499740 0.891006524188
0.442288690219 0.896872741533
0.430511096808 0.902585284350
0.418659737537 0.908143173825
0.406736643076 0.913545457643
0.394743856384 0.918791210149
0.382683432365 0.923879532511
0.370557437510 0.928809552872
0.358367949545 0.933580426497
0.346117057077 0.938191335922
0.333806859234 0.942641491092
0.321439465303 0.946930129495
0.309016994375 0.951056516295
0.296541574976 0.955019944457
0.284015344704 0.958819734868
0.271440449865 0.962455236454
0.258819045103 0.965925826289
0.246153293029 0.969230909707
0.233445363856 0.972369920398
0.220697435022 0.975342320509
0.207911690818 0.978147600734
0.195090322016 0.980785280403
0.182235525492 0.983254907564
0.169349503849 0.985556059058
0.156434465040 0.987688340595
0.143492621991 0.989651386820
0.130526192220 0.991444861374
0.117537397458 0.993068456955
0.104528463268 0.994521895368
0.091501618663 0.995804927575
0.078459095728 0.996917333733
0.065403129230 0.997858923239
0.052335956243 0.998629534755
0.039259815759 0.999229036241
0.026176948308 0.999657324976
0.013089595571 0.999914327574
0.000000000000 1.000000000000
-0.013089595571 0.999914327574
-0.026176948308 0.999657324976
-0.039259815759 0.999229036241
-0.052335956243 0.998629534755
-0.065403129230 0.997858923239
-0.078459095728 0.996917333733
-0.091501618663 0.995804927575
-0.104528463268 0.994521895368
-0.117537397458 0.993068456955
-0.130526192220 0.991444861374
-0.143492621991 0.989651386820
-0.156434465040 0.987688340595
-0.169349503849 0.985556059058
-0.182235525492 0.983254907564
-0.195090322016 0.980785280403
-0.207911690818 0.978147600734
-0.220697435022 0.975342320509
-0.233445363856 0.972369920398
-0.246153293029 0.969230909707
-0.258819045103 0.965925826289
-0.271440449865 0.962455236454
-0.284015344704 0.958819734868
-0.296541574976 0.955019944457
-0.309016994375 0.951056516295
-0.321439465303 0.946930129495
-0.333806859234 0.942641491092
-0.346117057077 0.938191335922
-0.358367949545 0.933580426497
-0.370557437510 0.928809552872
-0.382683432365 0.923879532511
-0.394743856384 0.918791210149
-0.406736643076 0.913545457643
-0.418659737537 0.908143173825
-0.430511096808 0.902585284350
-0.442288690219 0.896872741533
-0.453990499740 0.891006524188
-0.465614520325 0.884987637463
-0.477158760260 0.878817112662
-0.488621241497 0.872496007073
-0.500000000000 0.866025403784
-0.511293086077 0.859406411501
-0.522498564716 0.852640164354
-0.533614515916 0.845727821704
-0.544639035015 0.838670567945
-0.555570233020 0.831469612303
-0.566406236925 0.824126188622
-0.577145190037 0.816641555162
-0.587785252292 0.809016994375
-0.598324600571 0.801253812691
-0.608761429009 0.793353340291
-0.619093949310 0.785316930881
-0.629320391050 0.777145961457
-0.639439001981 0.768841832073
-0.649448048330 0.760405965600
-0.659345815100 0.751839807479
-0.669130606359 0.743144825477
-0.678800745533 0.734322509436
-0.688354575694 0.725374371012
-0.697790459842 0.716301943425
-0.707106781187 0.707106781187
-0.716301943425 0.697790459842
-0.725374371012 0.688354575694
-0.734322509436 0.678800745533
-0.743144825477 0.669130606359
-0.751839807479 0.659345815100
-0.760405965600 0.649448048330
-0.768841832073 0.639439001981
-0.777145961457 0.629320391050
-0.785316930881 0.619093949310
-0.793353340291 0.608761429009
-0.801253812691 0.598324600571
-0.809016994375 0.587785252292
-0.816641555162 0.577145190037
-0.824126188622 0.566406236925
-0.831469612303 0.555570233020
-0.838670567945 0.544639035015
-0.845727821704 0.533614515916
-0.852640164354 0.522498564716
-0.859406411501 0.511293086077
-0.866025403784 0.500000000000
-0.872496007073 0.488621241497
-0.878817112662 0.477158760260
-0.884987637463 0.465614520325
-0.891006524188 0.453990499740
-0.896872741533 0.442288690219
-0.902585284350 0.430511096808
-0.908143173825 0.418659737537
-0.913545457643 0.406736643076
-0.918791210149 0.394743856384
-0.923879532511 0.382683432365
-0.928809552872 0.370557437510
-0.933580426497 0.358367949545
-0.938191335922 0.346117057077
-0.942641491092 0.333806859234
-0.946930129495 0.321439465303
-0.951056516295 0.309016994375
-0.955019944457 0.296541574976
-0.958819734868 0.284015344704
-0.962455236454 0.271440449865
-0.965925826289 0.258819045103
-0.969230909707 0.246153293029
-0.972369920398 0.233445363856
-0.975342320509 0.220697435022
-0.978147600734 0.207911690818
-0.980785280403 0.195090322016
-0.983254907564 0.182235525492
-0.985556059058 0.169349503849
-0.987688340595 0.156434465040
-0.989651386820 0.143492621991
-0.991444861374 0.130526192220
-0.993068456955 0.117537397458
-0.994521895368 0.104528463268
-0.995804927575 0.091501618663
-0.996917333733 0.078459095728
-0.997858923239 0.065403129230
-0.998629534755 0.052335956243
-0.999229036241 0.039259815759
-0.999657324976 0.026176948308
-0.999914327574 0.013089595571
-1.000000000000 0.000000000000
-0.999914327574 -0.013089595571
-0.999657324976 -0.026176948308
-0.999229036241 -0.039259815759
-0.998629534755 -0.052335956243
-0.997858923239 -0.065403129230
-0.996917333733 -0.078459095728
-0.995804927575 -0.091501618663
-0.994521895368 -0.104528463268
-0.993068456955 -0.117537397458
-0.991444861374 -0.130526192220
-0.989651386820 -0.143492621991
-0.987688340595 -0.156434465040
-0.985556059058 -0.169349503849
-0.983254907564 -0.182235525492
-0.980785280403 -0.195090322016
-0.978147600734 -0.207911690818
-0.975342320509 -0.220697435022
-0.972369920398 -0.233445363856
-0.969230909707 -0.246153293029
-0.965925826289 -0.258819045103
-0.962455236454 -0.271440449865
-0.958819734868 -0.284015344704
-0.955019944457 -0.296541574976
-0.951056516295 -0.309016994375
-0.946930129495 -0.321439465303
-0.942641491092 -0.333806859234
-0.938191335922 -0.346117057077
-0.933580426497 -0.358367949545
-0.928809552872 -0.370557437510
-0.923879532511 -0.382683432365
-0.918791210149 -0.394743856384
-0.913545457643 -0.406736643076
-0.908143173825 -0.418659737537
-0.902585284350 -0.430511096808
-0.896872741533 -0.442288690219
-0.891006524188 -0.453990499740
-0.884987637463 -0.465614520325
-0.878817112662 -0.477158760260
-0.872496007073 -0.488621241497
-0.866025403784 -0.500000000000
-0.859406411501 -0.511293086077
-0.852640164354 -0.522498564716
-0.845727821704 -0.533614515916
-0.838670567945 -0.544639035015
-0.831469612303 -0.555570233020
-0.824126188622 -0.566406236925
-0.816641555162 -0.577145190037
-0.809016994375 -0.587785252292
-0.801253812691 -0.598324600571
-0.793353340291 -0.608761429009
-0.785316930881 -0.619093949310
-0.777145961457 -0.629320391050
-0.768841832073 -0.639439001981
-0.760405965600 -0.649448048330
-0.751839807479 -0.659345815100
-0.743144825477 -0.669130606359
-0.734322509436 -0.678800745533
-0.725374371012 -0.688354575694
-0.716301943425 -0.697790459842
-0.707106781187 -0.707106781187
-0.697790459842 -0.716301943425
-0.688354575694 -0.725374371012
-0.678800745533 -0.734322509436
-0.669130606359 -0.743144825477
-0.659345815100 -0.751839807479
-0.649448048330 -0.760405965600
-0.639439001981 -0.768841832073
-0.629320391050 -0.777145961457
-0.619093949310 -0.785316930881
-0.608761429009 -0.793353340291
-0.598324600571 -0.801253812691
-0.587785252292 -0.809016994375
-0.577145190037 -0.816641555162
-0.566406236925 -0.824126188622
-0.555570233020 -0.831469612303
-0.544639035015 -0.838670567945
-0.533614515916 -0.845727821704
-0.522498564716 -0.852640164354
-0.511293086077 -0.859406411501
-0.500000000000 -0.866025403784
-0.488621241497 -0.872496007073
-0.477158760260 -0.878817112662
-0.465614520325 -0.884987637463
-0.453990499740 -0.891006524188
-0.442288690219 -0.896872741533
-0.430511096808 -0.902585284350
-0.418659737537 -0.908143173825
-0.406736643076 -0.913545457643
-0.394743856384 -0.918791210149
-0.382683432365 -0.923879532511
-0.370557437510 -0.928809552872
-0.358367949545 -0.933580426497
-0.346117057077 -0.938191335922
-0.333806859234 -0.942641491092
-0.321439465303 -0.946930129495
-0.309016994375 -0.951056516295
-0.296541574976 -0.955019944457
-0.284015344704 -0.958819734868
-0.271440449865 -0.962455236454
-0.258819045103 -0.965925826289
-0.246153293029 -0.969230909707
-0.233445363856 -0.972369920398
-0.220697435022 -0.975342320509
-0.207911690818 -0.978147600734
-0.195090322016 -0.980785280403
-0.182235525492 -0.983254907564
-0.169349503849 -0.985556059058
-0.156434465040 -0.987688340595
-0.143492621991 -0.989651386820
-0.130526192220 -0.991444861374
-0.117537397458 -0.993068456955
-0.104528463268 -0.994521895368
-0.091501618663 -0.995804927575
-0.078459095728 -0.996917333733
-0.065403129230 -0.997858923239
-0.052335956243 -0.998629534755
-0.039259815759 -0.999229036241
-0.026176948308 -0.999657324976
-0.013089595571 -0.999914327574
-0.000000000000 -1.000000000000
0.013089595571 -0.999914327574
0.026176948308 -0.999657324976
0.039259815759 -0.999229036241
0.052335956243 -0.998629534755
0.065403129230 -0.997858923239
0.078459095728 -0.996917333733
0.091501618663 -0.995804927575
0.104528463268 -0.994521895368
0.117537397458 -0.993068456955
0.130526192220 -0.991444861374
0.143492621991 -0.989651386820
0.156434465040 -0.987688340595
0.169349503849 -0.985556059058
0.182235525492 -0.983254907564
0.195090322016 -0.980785280403
0.207911690818 -0.978147600734
0.220697435022 -0.975342320509
0.233445363856 -0.972369920398
0.246153293029 -0.969230909707
0.258819045103 -0.965925826289
0.271440449865 -0.962455236454
0.284015344704 -0.958819734868
0.296541574976 -0.955019944457
0.309016994375 -0.951056516295
0.321439465303 -0.946930129495
0.333806859234 -0.942641491092
0.346117057077 -0.938191335922
0.358367949545 -0.933580426497
0.370557437510 -0.928809552872
0.382683432365 -0.923879532511
0.394743856384 -0.918791210149
0.406736643076 -0.913545457643
0.418659737537 -0.908143173825
0.430511096808 -0.902585284350
0.442288690219 -0.896872741533
0.453990499740 -0.891006524188
0.465614520325 -0.884987637463
0.477158760260 -0.878817112662
0.488621241497 -0.872496007073
0.500000000000 -0.866025403784
0.511293086077 -0.859406411501
0.522498564716 -0.852640164354
0.533614515916 -0.845727821704
0.544639035015 -0.838670567945
0.555570233020 -0.831469612303
0.566406236925 -0.824126188622
0.577145190037 -0.816641555162
0.587785252292 -0.809016994375
0.598324600571 -0.801253812691
0.608761429009 -0.793353340291
0.619093949310 -0.785316930881
0.629320391050 -0.777145961457
0.639439001981 -0.768841832073
0.649448048330 -0.760405965600
0.659345815100 -0.751839807479
0.669130606359 -0.743144825477
0.678800745533 -0.734322509436
0.688354575694 -0.725374371012
0.697790459842 -0.716301943425
0.707106781187 -0.707106781187
0.716301943425 -0.697790459842
0.725374371012 -0.688354575694
0.734322509436 -0.678800745533
0.743144825477 -0.669130606359
0.751839807479 -0.659345815100
0.760405965600 -0.649448048330
0.768841832073 -0.639439001981
0.777145961457 -0.629320391050
0.785316930881 -0.619093949310
0.793353340291 -0.608761429009
0.801253812691 -0.598324600571
0.809016994375 -0.587785252292
0.816641555162 -0.577145190037
0.824126188622 -0.566406236925
0.831469612303 -0.555570233020
0.838670567945 -0.544639035015
0.845727821704 -0.533614515916
0.852640164354 -0.522498564716
0.859406411501 -0.511293086077
0.866025403784 -0.500000000000
0.872496007073 -0.488621241497
0.878817112662 -0.477158760260
0.884987637463 -0.465614520325
0.891006524188 -0.453990499740
0.896872741533 -0.442288690219
0.902585284350 -0.430511096808
0.908143173825 -0.418659737537
0.913545457643 -0.406736643076
0.918791210149 -0.394743856384
0.923879532511 -0.382683432365
0.928809552872 -0.370557437510
0.933580426497 -0.358367949545
0.938191335922 -0.346117057077
0.942641491092 -0.333806859234
0.946930129495 -0.321439465303
0.951056516295 -0.309016994375
0.955019944457 -0.296541574976
0.958819734868 -0.284015344704
0.962455236454 -0.271440449865
0.965925826289 -0.258819045103
0.969230909707 -0.246153293029
0.972369920398 -0.233445363856
0.975342320509 -0.220697435022
0.978147600734 -0.207911690818
0.980785280403 -0.195090322016
0.983254907564 -0.182235525492
0.985556059058 -0.169349503849
0.987688340595 -0.156434465040
0.989651386820 -0.143492621991
0.991444861374 -0.130526192220
0.993068456955 -0.117537397458
0.994521895368 -0.104528463268
0.995804927575 -0.091501618663
0.996917333733 -0.078459095728
0.997858923239 -0.065403129230
0.998629534755 -0.052335956243
0.999229036241 -0.039259815759
0.999657324976 -0.026176948308
0.999914327574 -0.013089595571
1.000000000000 0.000000000000
