0.500000000000 0.000000000000
0.499898193749 0.005044697370
0.499593311835 0.010081204912
0.499086949402 0.015101464637
0.498381714850 0.020097675883
0.497481158109 0.025062408735
0.496389676880 0.029988700735
0.495112406525 0.034870133727
0.493655099811 0.039700889254
0.492024002559 0.044475782471
0.490225730706 0.049190275854
0.488267153329 0.053840474970
0.486155285107 0.058423109218
0.483897190527 0.062935500713
0.481499901123 0.067375524522
0.478970346108 0.071741563179
0.476315296061 0.076032458098
0.473541318833 0.080247460018
0.470654746478 0.084386180174
0.467661651878 0.088448543463
0.464567833641 0.092434744478
0.461378807919 0.096345206942
0.458099805852 0.100180546862
0.454735775491 0.103941539445
0.451291387196 0.107629089751
0.447771041641 0.111244206891
0.444178879700 0.114787981544
0.440518793622 0.118261566523
0.436794439014 0.121666160092
0.433009247244 0.125002991765
0.429166437977 0.128273310273
0.425269031603 0.131478373468
0.421319861399 0.134619439895
0.417321585294 0.137697761826
0.413276697163 0.140714579542
0.409187537578 0.143671116696
0.405056304005 0.146568576600
0.400885060413 0.149408139284
0.396675746313 0.152190959232
0.392430185214 0.154918163665
0.388150092543 0.157590851304
0.383837083017 0.160210091521
0.379492677520 0.162776923817
0.375118309491 0.165292357570
0.370715330865 0.167757372015
0.366285017590 0.170172916389
0.361828574739 0.172539910240
0.357347141266 0.174859243843
0.352841794401 0.177131778716
0.348313553739 0.179358348204
0.343763385022 0.181539758124
0.339192203657 0.183676787441
0.334600877970 0.185770188985
0.329990232228 0.187820690177
0.325361049451 0.189828993768
0.320714074008 0.191795778586
0.316050014049 0.193721700268
0.311369543744 0.195607392005
0.306673305380 0.197453465256
0.301961911306 0.199260510463
0.297235945742 0.201029097744
0.292495966469 0.202759777569
0.287742506397 0.204453081422
0.282976075034 0.206109522438
0.278197159854 0.207729596019
0.273406227569 0.209313780439
0.268603725326 0.210862537415
0.263790081823 0.212376312669
0.258965708349 0.213855536461
0.254130999760 0.215300624106
0.249286335399 0.216711976471
0.244432079949 0.218089980451
0.239568584235 0.219435009426
0.234696185988 0.220747423701
0.229815210543 0.222027570925
0.224925971515 0.223275786494
0.220028771419 0.224492393940
0.215123902267 0.225677705297
0.210211646117 0.226832021459
0.205292275603 0.227955632513
0.200366054425 0.229048818068
0.195433237822 0.230111847563
0.190494073004 0.231144980559
0.185548799581 0.232148467028
0.180597649945 0.233122547619
0.175640849655 0.234067453917
0.170678617785 0.234983408686
0.165711167261 0.235870626109
0.160738705182 0.236729312009
0.155761433124 0.237559664059
0.150779547425 0.238361871992
0.145793239462 0.239136117790
0.140802695913 0.239882575870
0.135808099006 0.240601413257
0.130809626757 0.241292789753
0.125807453199 0.241956858096
0.120801748599 0.242593764107
0.115792679667 0.243203646835
0.110780409754 0.243786638690
0.105765099049 0.244342865572
0.100746904761 0.244872446991
0.095725981293 0.245375496182
0.090702480421 0.245852120209
0.085676551452 0.246302420071
0.080648341387 0.246726490791
0.075617995077 0.247124421507
0.070585655369 0.247496295556
0.065551463252 0.247842190550
0.060515558001 0.248162178444
0.055478077310 0.248456325608
0.050439157430 0.248724692882
0.045398933299 0.248967335636
0.040357538666 0.249184303816
0.035315106224 0.249375641990
0.030271767726 0.249541389392
0.025227654111 0.249681579951
0.020182895621 0.249796242328
0.015137621921 0.249885399935
0.010091962217 0.249949070962
0.005046045366 0.249987268389
-0.000000000000 0.250000000000
-0.005046045366 0.249987268389
-0.010091962217 0.249949070962
-0.015137621921 0.249885399935
-0.020182895621 0.249796242328
-0.025227654111 0.249681579951
-0.030271767726 0.249541389392
-0.035315106224 0.249375641990
-0.040357538666 0.249184303816
-0.045398933299 0.248967335636
-0.050439157430 0.248724692882
-0.055478077310 0.248456325608
-0.060515558001 0.248162178444
-0.065551463252 0.247842190550
-0.070585655369 0.247496295556
-0.075617995077 0.247124421507
-0.080648341387 0.246726490791
-0.085676551452 0.246302420071
-0.090702480421 0.245852120209
-0.095725981293 0.245375496182
-0.100746904761 0.244872446991
-0.105765099049 0.244342865572
-0.110780409754 0.243786638690
-0.115792679667 0.243203646835
-0.120801748599 0.242593764107
-0.125807453199 0.241956858096
-0.130809626757 0.241292789753
-0.135808099006 0.240601413257
-0.140802695913 0.239882575870
-0.145793239462 0.239136117790
-0.150779547425 0.238361871992
-0.155761433124 0.237559664059
-0.160738705182 0.236729312009
-0.165711167261 0.235870626109
-0.170678617785 0.234983408686
-0.175640849655 0.234067453917
-0.180597649945 0.233122547619
-0.185548799581 0.232148467028
-0.190494073004 0.231144980559
-0.195433237822 0.230111847563
-0.200366054425 0.229048818068
-0.205292275603 0.227955632513
-0.210211646117 0.226832021459
-0.215123902267 0.225677705297
-0.220028771419 0.224492393940
-0.224925971515 0.223275786494
-0.229815210543 0.222027570925
-0.234696185988 0.220747423701
-0.239568584235 0.219435009426
-0.244432079949 0.218089980451
-0.249286335399 0.216711976471
-0.254130999760 0.215300624106
-0.258965708349 0.213855536461
-0.263790081823 0.212376312669
-0.268603725326 0.210862537415
-0.273406227569 0.209313780439
-0.278197159854 0.207729596019
-0.282976075034 0.206109522438
-0.287742506397 0.204453081422
-0.292495966469 0.202759777569
-0.297235945742 0.201029097744
-0.301961911306 0.199260510463
-0.306673305380 0.197453465256
-0.311369543744 0.195607392005
-0.316050014049 0.193721700268
-0.320714074008 0.191795778586
-0.325361049451 0.189828993768
-0.329990232228 0.187820690177
-0.334600877970 0.185770188985
-0.339192203657 0.183676787441
-0.343763385022 0.181539758124
-0.348313553739 0.179358348204
-0.352841794401 0.177131778716
-0.357347141266 0.174859243843
-0.361828574739 0.172539910240
-0.366285017590 0.170172916389
-0.370715330865 0.167757372015
-0.375118309491 0.165292357570
-0.379492677520 0.162776923817
-0.383837083017 0.160210091521
-0.388150092543 0.157590851304
-0.392430185214 0.154918163665
-0.396675746313 0.152190959232
-0.400885060413 0.149408139284
-0.405056304005 0.146568576600
-0.409187537578 0.143671116696
-0.413276697163 0.140714579542
-0.417321585294 0.137697761826
-0.421319861399 0.134619439895
-0.425269031603 0.131478373468
-0.429166437977 0.128273310273
-0.433009247244 0.125002991765
-0.436794439014 0.121666160092
-0.440518793622 0.118261566523
-0.444178879700 0.114787981544
-0.447771041641 0.111244206891
-0.451291387196 0.107629089751
-0.454735775491 0.103941539445
-0.458099805852 0.100180546862
-0.461378807919 0.096345206942
-0.464567833641 0.092434744478
-0.467661651878 0.088448543463
-0.470654746478 0.084386180174
-0.473541318833 0.080247460018
-0.476315296061 0.076032458098
-0.478970346108 0.071741563179
-0.481499901123 0.067375524522
-0.483897190527 0.062935500713
-0.486155285107 0.058423109218
-0.488267153329 0.053840474970
-0.490225730706 0.049190275854
-0.492024002559 0.044475782471
-0.493655099811 0.039700889254
-0.495112406525 0.034870133727
-0.496389676880 0.029988700735
-0.497481158109 0.025062408735
-0.498381714850 0.020097675883
-0.499086949402 0.015101464637
-0.499593311835 0.010081204912
-0.499898193749 0.005044697370
-0.500000000000 -0.000000000000
-0.499898193749 -0.005044697370
-0.499593311835 -0.010081204912
-0.499086949402 -0.015101464637
-0.498381714850 -0.020097675883
-0.497481158109 -0.025062408735
-0.496389676880 -0.029988700735
-0.495112406525 -0.034870133727
-0.493655099811 -0.039700889254
-0.492024002559 -0.044475782471
-0.490225730706 -0.049190275854
-0.488267153329 -0.053840474970
-0.486155285107 -0.058423109218
-0.483897190527 -0.062935500713
-0.481499901123 -0.067375524522
-0.478970346108 -0.071741563179
-0.476315296061 -0.076032458098
-0.473541318833 -0.080247460018
-0.470654746478 -0.084386180174
-0.467661651878 -0.088448543463
-0.464567833641 -0.092434744478
-0.461378807919 -0.096345206942
-0.458099805852 -0.100180546862
-0.454735775491 -0.103941539445
-0.451291387196 -0.107629089751
-0.447771041641 -0.111244206891
-0.444178879700 -0.114787981544
-0.440518793622 -0.118261566523
-0.436794439014 -0.121666160092
-0.433009247244 -0.125002991765
-0.429166437977 -0.128273310273
-0.425269031603 -0.131478373468
-0.421319861399 -0.134619439895
-0.417321585294 -0.137697761826
-0.413276697163 -0.140714579542
-0.409187537578 -0.143671116696
-0.405056304005 -0.146568576600
-0.400885060413 -0.149408139284
-0.396675746313 -0.152190959232
-0.392430185214 -0.154918163665
-0.388150092543 -0.157590851304
-0.383837083017 -0.160210091521
-0.379492677520 -0.162776923817
-0.375118309491 -0.165292357570
-0.370715330865 -0.167757372015
-0.366285017590 -0.170172916389
-0.361828574739 -0.172539910240
-0.357347141266 -0.174859243843
-0.352841794401 -0.177131778716
-0.348313553739 -0.179358348204
-0.343763385022 -0.181539758124
-0.339192203657 -0.183676787441
-0.334600877970 -0.185770188985
-0.329990232228 -0.187820690177
-0.325361049451 -0.189828993768
-0.320714074008 -0.191795778586
-0.316050014049 -0.193721700268
-0.311369543744 -0.195607392005
-0.306673305380 -0.197453465256
-0.301961911306 -0.199260510463
-0.297235945742 -0.201029097744
-0.292495966469 -0.202759777569
-0.287742506397 -0.204453081422
-0.282976075034 -0.206109522438
-0.278197159854 -0.207729596019
-0.273406227569 -0.209313780439
-0.268603725326 -0.210862537415
-0.263790081823 -0.212376312669
-0.258965708349 -0.213855536461
-0.254130999760 -0.215300624106
-0.249286335399 -0.216711976471
-0.244432079949 -0.218089980451
-0.239568584235 -0.219435009426
-0.234696185988 -0.220747423701
-0.229815210543 -0.222027570925
-0.224925971515 -0.223275786494
-0.220028771419 -0.224492393940
-0.215123902267 -0.225677705297
-0.210211646117 -0.226832021459
-0.205292275603 -0.227955632513
-0.200366054425 -0.229048818068
-0.195433237822 -0.230111847563
-0.190494073004 -0.231144980559
-0.185548799581 -0.232148467028
-0.180597649945 -0.233122547619
-0.175640849655 -0.234067453917
-0.170678617785 -0.234983408686
-0.165711167261 -0.235870626109
-0.160738705182 -0.236729312009
-0.155761433124 -0.237559664059
-0.150779547425 -0.238361871992
-0.145793239462 -0.239136117790
-0.140802695913 -0.239882575870
-0.135808099006 -0.240601413257
-0.130809626757 -0.241292789753
-0.125807453199 -0.241956858096
-0.120801748599 -0.242593764107
-0.115792679667 -0.243203646835
-0.110780409754 -0.243786638690
-0.105765099049 -0.244342865572
-0.100746904761 -0.244872446991
-0.095725981293 -0.245375496182
-0.090702480421 -0.245852120209
-0.085676551452 -0.246302420071
-0.080648341387 -0.246726490791
-0.075617995077 -0.247124421507
-0.070585655369 -0.247496295556
-0.065551463252 -0.247842190550
-0.060515558001 -0.248162178444
-0.055478077310 -0.248456325608
-0.050439157430 -0.248724692882
-0.045398933299 -0.248967335636
-0.040357538666 -0.249184303816
-0.035315106224 -0.249375641990
-0.030271767726 -0.249541389392
-0.025227654111 -0.249681579951
-0.020182895621 -0.249796242328
-0.015137621921 -0.249885399935
-0.010091962217 -0.249949070962
-0.005046045366 -0.249987268389
0.000000000000 -0.250000000000
0.005046045366 -0.249987268389
0.010091962217 -0.249949070962
0.015137621921 -0.249885399935
0.020182895621 -0.249796242328
0.025227654111 -0.249681579951
0.030271767726 -0.249541389392
0.035315106224 -0.249375641990
0.040357538666 -0.249184303816
0.045398933299 -0.248967335636
0.050439157430 -0.248724692882
0.055478077310 -0.248456325608
0.060515558001 -0.248162178444
0.065551463252 -0.247842190550
0.070585655369 -0.247496295556
0.075617995077 -0.247124421507
0.080648341387 -0.246726490791
0.085676551452 -0.246302420071
0.090702480421 -0.245852120209
0.095725981293 -0.245375496182
0.100746904761 -0.244872446991
0.105765099049 -0.244342865572
0.110780409754 -0.243786638690
0.115792679667 -0.243203646835
0.120801748599 -0.242593764107
0.125807453199 -0.241956858096
0.130809626757 -0.241292789753
0.135808099006 -0.240601413257
0.140802695913 -0.239882575870
0.145793239462 -0.239136117790
0.150779547425 -0.238361871992
0.155761433124 -0.237559664059
0.160738705182 -0.236729312009
0.165711167261 -0.235870626109
0.170678617785 -0.234983408686
0.175640849655 -0.234067453917
0.180597649945 -0.233122547619
0.185548799581 -0.232148467028
0.190494073004 -0.231144980559
0.195433237822 -0.230111847563
0.200366054425 -0.229048818068
0.205292275603 -0.227955632513
0.210211646117 -0.226832021459
0.215123902267 -0.225677705297
0.220028771419 -0.224492393940
0.224925971515 -0.223275786494
0.229815210543 -0.222027570925
0.234696185988 -0.220747423701
0.239568584235 -0.219435009426
0.244432079949 -0.218089980451
0.249286335399 -0.216711976471
0.254130999760 -0.215300624106
0.258965708349 -0.213855536461
0.263790081823 -0.212376312669
0.268603725326 -0.210862537415
0.273406227569 -0.209313780439
0.278197159854 -0.207729596019
0.282976075034 -0.206109522438
0.287742506397 -0.204453081422
0.292495966469 -0.202759777569
0.297235945742 -0.201029097744
0.301961911306 -0.199260510463
0.306673305380 -0.197453465256
0.311369543744 -0.195607392005
0.316050014049 -0.193721700268
0.320714074008 -0.191795778586
0.325361049451 -0.189828993768
0.329990232228 -0.187820690177
0.334600877970 -0.185770188985
0.339192203657 -0.183676787441
0.343763385022 -0.181539758124
0.348313553739 -0.179358348204
0.352841794401 -0.177131778716
0.357347141266 -0.174859243843
0.361828574739 -0.172539910240
0.366285017590 -0.170172916389
0.370715330865 -0.167757372015
0.375118309491 -0.165292357570
0.379492677520 -0.162776923817
0.383837083017 -0.160210091521
0.388150092543 -0.157590851304
0.392430185214 -0.154918163665
0.396675746313 -0.152190959232
0.400885060413 -0.149408139284
0.405056304005 -0.146568576600
0.409187537578 -0.143671116696
0.413276697163 -0.140714579542
0.417321585294 -0.137697761826
0.421319861399 -0.134619439895
0.425269031603 -0.131478373468
0.429166437977 -0.128273310273
0.433009247244 -0.125002991765
0.436794439014 -0.121666160092
0.440518793622 -0.118261566523
0.444178879700 -0.114787981544
0.447771041641 -0.111244206891
0.451291387196 -0.107629089751
0.454735775491 -0.103941539445
0.458099805852 -0.100180546862
0.461378807919 -0.096345206942
0.464567833641 -0.092434744478
0.467661651878 -0.088448543463
0.470654746478 -0.084386180174
0.473541318833 -0.080247460018
0.476315296061 -0.076032458098
0.478970346108 -0.071741563179
0.481499901123 -0.067375524522
0.483897190527 -0.062935500713
0.486155285107 -0.058423109218
0.488267153329 -0.053840474970
0.490225730706 -0.049190275854
0.492024002559 -0.044475782471
0.493655099811 -0.039700889254
0.495112406525 -0.034870133727
0.496389676880 -0.029988700735
0.497481158109 -0.025062408735
0.498381714850 -0.020097675883
0.499086949402 -0.015101464637
0.499593311835 -0.010081204912
0.499898193749 -0.005044697370
0.500000000000 0.000000000000
