0.750050903126 0.000000000000
0.749745691059 0.015123850467
0.748833878519 0.030186569884
0.747326762218 0.045128664268
0.745242605374 0.059893805634
0.742605845209 0.074430157679
0.739446083819 0.088691426533
0.735796944858 0.102637594825
0.731694880806 0.116235328505
0.727178008302 0.129458074025
0.722285034664 0.142285885231
0.717054320573 0.154705033097
0.711523104983 0.166707457173
0.705726901247 0.178290116588
0.699699059580 0.189454292458
0.693470481167 0.200204884543
0.687069463203 0.210549734917
0.680521651514 0.220499001464
0.673850077324 0.230064595246
0.667075256365 0.239259688495
0.660215331226 0.248098294531
0.653286240995 0.256594916895
0.646301905394 0.264764262506
0.639274413617 0.272621012181
0.632214210655 0.280179641280
0.625130276078 0.287454283190
0.618030291991 0.294458628779
0.610920798254 0.301205855516
0.603807334057 0.307708580689
0.596694565697 0.313978833873
0.589586400910 0.320028044553
0.582486090440 0.325867041459
0.575396317743 0.331506060757
0.568319277818 0.336954760807
0.561256746189 0.342222241598
0.554210139072 0.347317067398
0.547180565680 0.352247291430
0.540168873581 0.357020481679
0.533175687956 0.361643747130
0.526201445495 0.366123763909
0.519246423628 0.370466800942
0.512310765682 0.374678744856
0.505394502514 0.378765123919
0.498497571075 0.382731130899
0.491619830334 0.386581644771
0.484761074904 0.390321251219
0.477921046709 0.393954261945
0.471099444933 0.397484732791
0.464295934511 0.400916480702
0.457510153360 0.404253099577
0.450741718515 0.407497975060
0.443990231347 0.410654298308
0.437255281961 0.413725078820
0.430536452920 0.416713156353
0.423833322373 0.419621212008
0.417145466672 0.422451778516
0.410472462561 0.425207249805
0.403813888990 0.427889889870
0.397169328608 0.430501841018
0.390538368986 0.433045131521
0.383920603610 0.435521682717
0.377315632666 0.437933315616
0.370723063669 0.440281757029
0.364142511933 0.442568645262
0.357573600931 0.444795535419
0.351015962545 0.446963904317
0.344469237228 0.449075155076
0.337933074098 0.451130621377
0.331407130961 0.453131571428
0.324891074289 0.455079211667
0.318384579153 0.456974690200
0.311887329121 0.458819100017
0.305399016121 0.460613481980
0.298919340291 0.462358827624
0.292448009800 0.464056081760
0.285984740658 0.465706144914
0.279529256514 0.467309875601
0.273081288445 0.468868092456
0.266640574739 0.470381576219
0.260206860673 0.471851071599
0.253779898287 0.473277289016
0.247359446161 0.474660906233
0.240945269186 0.476002569879
0.234537138341 0.477302896887
0.228134830474 0.478562475832
0.221738128074 0.479781868187
0.215346819060 0.480961609506
0.208960696568 0.482102210528
0.202579558735 0.483204158213
0.196203208500 0.484267916719
0.189831453401 0.485293928314
0.183464105375 0.486282614230
0.177100980571 0.487234375471
0.170741899155 0.488149593566
0.164386685135 0.489028631277
0.158035166175 0.489871833262
0.151687173424 0.490679526696
0.145342541346 0.491452021859
0.139001107549 0.492189612674
0.132662712630 0.492892577225
0.126327200012 0.493561178234
0.119994415790 0.494195663503
0.113664208583 0.494796266336
0.107336429382 0.495363205924
0.101010931411 0.495896687709
0.094687569980 0.496396903715
0.088366202353 0.496864032866
0.082046687611 0.497298241268
0.075728886515 0.497699682472
0.069412661381 0.498068497724
0.063097875949 0.498404816180
0.056784395261 0.498708755113
0.050472085529 0.498980420088
0.044160814022 0.499219905135
0.037850448939 0.499427292884
0.031540859290 0.499602654695
0.025231914781 0.499746050771
0.018923485694 0.499857530242
0.012615442772 0.499937131244
0.006307657102 0.499984880978
0.000000000000 0.500000795745
-0.006307657102 0.499984880978
-0.012615442772 0.499937131244
-0.018923485694 0.499857530242
-0.025231914781 0.499746050771
-0.031540859290 0.499602654695
-0.037850448939 0.499427292884
-0.044160814022 0.499219905135
-0.050472085529 0.498980420088
-0.056784395261 0.498708755113
-0.063097875949 0.498404816180
-0.069412661381 0.498068497724
-0.075728886515 0.497699682472
-0.082046687611 0.497298241268
-0.088366202353 0.496864032866
-0.094687569980 0.496396903715
-0.101010931411 0.495896687709
-0.107336429382 0.495363205924
-0.113664208583 0.494796266336
-0.119994415790 0.494195663503
-0.126327200012 0.493561178234
-0.132662712630 0.492892577225
-0.139001107549 0.492189612674
-0.145342541346 0.491452021859
-0.151687173424 0.490679526696
-0.158035166175 0.489871833262
-0.164386685135 0.489028631277
-0.170741899155 0.488149593566
-0.177100980571 0.487234375471
-0.183464105375 0.486282614230
-0.189831453401 0.485293928314
-0.196203208500 0.484267916719
-0.202579558735 0.483204158213
-0.208960696568 0.482102210528
-0.215346819060 0.480961609506
-0.221738128074 0.479781868187
-0.228134830474 0.478562475832
-0.234537138341 0.477302896887
-0.240945269186 0.476002569879
-0.247359446161 0.474660906233
-0.253779898287 0.473277289016
-0.260206860673 0.471851071599
-0.266640574739 0.470381576219
-0.273081288445 0.468868092456
-0.279529256514 0.467309875601
-0.285984740658 0.465706144914
-0.292448009800 0.464056081760
-0.298919340291 0.462358827624
-0.305399016121 0.460613481980
-0.311887329121 0.458819100017
-0.318384579153 0.456974690200
-0.324891074289 0.455079211667
-0.331407130961 0.453131571428
-0.337933074098 0.451130621377
-0.344469237228 0.449075155076
-0.351015962545 0.446963904317
-0.357573600931 0.444795535419
-0.364142511933 0.442568645262
-0.370723063669 0.440281757029
-0.377315632666 0.437933315616
-0.383920603610 0.435521682717
-0.390538368986 0.433045131521
-0.397169328608 0.430501841018
-0.403813888990 0.427889889870
-0.410472462561 0.425207249805
-0.417145466672 0.422451778516
-0.423833322373 0.419621212008
-0.430536452920 0.416713156353
-0.437255281961 0.413725078820
-0.443990231347 0.410654298308
-0.450741718515 0.407497975060
-0.457510153360 0.404253099577
-0.464295934511 0.400916480702
-0.471099444933 0.397484732791
-0.477921046709 0.393954261945
-0.484761074904 0.390321251219
-0.491619830334 0.386581644771
-0.498497571075 0.382731130899
-0.505394502514 0.378765123919
-0.512310765682 0.374678744856
-0.519246423628 0.370466800942
-0.526201445495 0.366123763909
-0.533175687956 0.361643747130
-0.540168873581 0.357020481679
-0.547180565680 0.352247291430
-0.554210139072 0.347317067398
-0.561256746189 0.342222241598
-0.568319277818 0.336954760807
-0.575396317743 0.331506060757
-0.582486090440 0.325867041459
-0.589586400910 0.320028044553
-0.596694565697 0.313978833873
-0.603807334057 0.307708580689
-0.610920798254 0.301205855516
-0.618030291991 0.294458628779
-0.625130276078 0.287454283190
-0.632214210655 0.280179641280
-0.639274413617 0.272621012181
-0.646301905394 0.264764262506
-0.653286240995 0.256594916895
-0.660215331226 0.248098294531
-0.667075256365 0.239259688495
-0.673850077324 0.230064595246
-0.680521651514 0.220499001464
-0.687069463203 0.210549734917
-0.693470481167 0.200204884543
-0.699699059580 0.189454292458
-0.705726901247 0.178290116588
-0.711523104983 0.166707457173
-0.717054320573 0.154705033097
-0.722285034664 0.142285885231
-0.727178008302 0.129458074025
-0.731694880806 0.116235328505
-0.735796944858 0.102637594825
-0.739446083819 0.088691426533
-0.742605845209 0.074430157679
-0.745242605374 0.059893805634
-0.747326762218 0.045128664268
-0.748833878519 0.030186569884
-0.749745691059 0.015123850467
-0.750050903126 0.000000000000
-0.749745691059 -0.015123850467
-0.748833878519 -0.030186569884
-0.747326762218 -0.045128664268
-0.745242605374 -0.059893805634
-0.742605845209 -0.074430157679
-0.739446083819 -0.088691426533
-0.735796944858 -0.102637594825
-0.731694880806 -0.116235328505
-0.727178008302 -0.129458074025
-0.722285034664 -0.142285885231
-0.717054320573 -0.154705033097
-0.711523104983 -0.166707457173
-0.705726901247 -0.178290116588
-0.699699059580 -0.189454292458
-0.693470481167 -0.200204884543
-0.687069463203 -0.210549734917
-0.680521651514 -0.220499001464
-0.673850077324 -0.230064595246
-0.667075256365 -0.239259688495
-0.660215331226 -0.248098294531
-0.653286240995 -0.256594916895
-0.646301905394 -0.264764262506
-0.639274413617 -0.272621012181
-0.632214210655 -0.280179641280
-0.625130276078 -0.287454283190
-0.618030291991 -0.294458628779
-0.610920798254 -0.301205855516
-0.603807334057 -0.307708580689
-0.596694565697 -0.313978833873
-0.589586400910 -0.320028044553
-0.582486090440 -0.325867041459
-0.575396317743 -0.331506060757
-0.568319277818 -0.336954760807
-0.561256746189 -0.342222241598
-0.554210139072 -0.347317067398
-0.547180565680 -0.352247291430
-0.540168873581 -0.357020481679
-0.533175687956 -0.361643747130
-0.526201445495 -0.366123763909
-0.519246423628 -0.370466800942
-0.512310765682 -0.374678744856
-0.505394502514 -0.378765123919
-0.498497571075 -0.382731130899
-0.491619830334 -0.386581644771
-0.484761074904 -0.390321251219
-0.477921046709 -0.393954261945
-0.471099444933 -0.397484732791
-0.464295934511 -0.400916480702
-0.457510153360 -0.404253099577
-0.450741718515 -0.407497975060
-0.443990231347 -0.410654298308
-0.437255281961 -0.413725078820
-0.430536452920 -0.416713156353
-0.423833322373 -0.419621212008
-0.417145466672 -0.422451778516
-0.410472462561 -0.425207249805
-0.403813888990 -0.427889889870
-0.397169328608 -0.430501841018
-0.390538368986 -0.433045131521
-0.383920603610 -0.435521682717
-0.377315632666 -0.437933315616
-0.370723063669 -0.440281757029
-0.364142511933 -0.442568645262
-0.357573600931 -0.444795535419
-0.351015962545 -0.446963904317
-0.344469237228 -0.449075155076
-0.337933074098 -0.451130621377
-0.331407130961 -0.453131571428
-0.324891074289 -0.455079211667
-0.318384579153 -0.456974690200
-0.311887329121 -0.458819100017
-0.305399016121 -0.460613481980
-0.298919340291 -0.462358827624
-0.292448009800 -0.464056081760
-0.285984740658 -0.465706144914
-0.279529256514 -0.467309875601
-0.273081288445 -0.468868092456
-0.266640574739 -0.470381576219
-0.260206860673 -0.471851071599
-0.253779898287 -0.473277289016
-0.247359446161 -0.474660906233
-0.240945269186 -0.476002569879
-0.234537138341 -0.477302896887
-0.228134830474 -0.478562475832
-0.221738128074 -0.479781868187
-0.215346819060 -0.480961609506
-0.208960696568 -0.482102210528
-0.202579558735 -0.483204158213
-0.196203208500 -0.484267916719
-0.189831453401 -0.485293928314
-0.183464105375 -0.486282614230
-0.177100980571 -0.487234375471
-0.170741899155 -0.488149593566
-0.164386685135 -0.489028631277
-0.158035166175 -0.489871833262
-0.151687173424 -0.490679526696
-0.145342541346 -0.491452021859
-0.139001107549 -0.492189612674
-0.132662712630 -0.492892577225
-0.126327200012 -0.493561178234
-0.119994415790 -0.494195663503
-0.113664208583 -0.494796266336
-0.107336429382 -0.495363205924
-0.101010931411 -0.495896687709
-0.094687569980 -0.496396903715
-0.088366202353 -0.496864032866
-0.082046687611 -0.497298241268
-0.075728886515 -0.497699682472
-0.069412661381 -0.498068497724
-0.063097875949 -0.498404816180
-0.056784395261 -0.498708755113
-0.050472085529 -0.498980420088
-0.044160814022 -0.499219905135
-0.037850448939 -0.499427292884
-0.031540859290 -0.499602654695
-0.025231914781 -0.499746050771
-0.018923485694 -0.499857530242
-0.012615442772 -0.499937131244
-0.006307657102 -0.499984880978
0.000000000000 -0.500000795745
0.006307657102 -0.499984880978
0.012615442772 -0.499937131244
0.018923485694 -0.499857530242
0.025231914781 -0.499746050771
0.031540859290 -0.499602654695
0.037850448939 -0.499427292884
0.044160814022 -0.499219905135
0.050472085529 -0.498980420088
0.056784395261 -0.498708755113
0.063097875949 -0.498404816180
0.069412661381 -0.498068497724
0.075728886515 -0.497699682472
0.082046687611 -0.497298241268
0.088366202353 -0.496864032866
0.094687569980 -0.496396903715
0.101010931411 -0.495896687709
0.107336429382 -0.495363205924
0.113664208583 -0.494796266336
0.119994415790 -0.494195663503
0.126327200012 -0.493561178234
0.132662712630 -0.492892577225
0.139001107549 -0.492189612674
0.145342541346 -0.491452021859
0.151687173424 -0.490679526696
0.158035166175 -0.489871833262
0.164386685135 -0.489028631277
0.170741899155 -0.488149593566
0.177100980571 -0.487234375471
0.183464105375 -0.486282614230
0.189831453401 -0.485293928314
0.196203208500 -0.484267916719
0.202579558735 -0.483204158213
0.208960696568 -0.482102210528
0.215346819060 -0.480961609506
0.221738128074 -0.479781868187
0.228134830474 -0.478562475832
0.234537138341 -0.477302896887
0.240945269186 -0.476002569879
0.247359446161 -0.474660906233
0.253779898287 -0.473277289016
0.260206860673 -0.471851071599
0.266640574739 -0.470381576219
0.273081288445 -0.468868092456
0.279529256514 -0.467309875601
0.285984740658 -0.465706144914
0.292448009800 -0.464056081760
0.298919340291 -0.462358827624
0.305399016121 -0.460613481980
0.311887329121 -0.458819100017
0.318384579153 -0.456974690200
0.324891074289 -0.455079211667
0.331407130961 -0.453131571428
0.337933074098 -0.451130621377
0.344469237228 -0.449075155076
0.351015962545 -0.446963904317
0.357573600931 -0.444795535419
0.364142511933 -0.442568645262
0.370723063669 -0.440281757029
0.377315632666 -0.437933315616
0.383920603610 -0.435521682717
0.390538368986 -0.433045131521
0.397169328608 -0.430501841018
0.403813888990 -0.427889889870
0.410472462561 -0.425207249805
0.417145466672 -0.422451778516
0.423833322373 -0.419621212008
0.430536452920 -0.416713156353
0.437255281961 -0.413725078820
0.443990231347 -0.410654298308
0.450741718515 -0.407497975060
0.457510153360 -0.404253099577
0.464295934511 -0.400916480702
0.471099444933 -0.397484732791
0.477921046709 -0.393954261945
0.484761074904 -0.390321251219
0.491619830334 -0.386581644771
0.498497571075 -0.382731130899
0.505394502514 -0.378765123919
0.512310765682 -0.374678744856
0.519246423628 -0.370466800942
0.526201445495 -0.366123763909
0.533175687956 -0.361643747130
0.540168873581 -0.357020481679
0.547180565680 -0.352247291430
0.554210139072 -0.347317067398
0.561256746189 -0.342222241598
0.568319277818 -0.336954760807
0.575396317743 -0.331506060757
0.582486090440 -0.325867041459
0.589586400910 -0.320028044553
0.596694565697 -0.313978833873
0.603807334057 -0.307708580689
0.610920798254 -0.301205855516
0.618030291991 -0.294458628779
0.625130276078 -0.287454283190
0.632214210655 -0.280179641280
0.639274413617 -0.272621012181
0.646301905394 -0.264764262506
0.653286240995 -0.256594916895
0.660215331226 -0.248098294531
0.667075256365 -0.239259688495
0.673850077324 -0.230064595246
0.680521651514 -0.220499001464
0.687069463203 -0.210549734917
0.693470481167 -0.200204884543
0.699699059580 -0.189454292458
0.705726901247 -0.178290116588
0.711523104983 -0.166707457173
0.717054320573 -0.154705033097
0.722285034664 -0.142285885231
0.727178008302 -0.129458074025
0.731694880806 -0.116235328505
0.735796944858 -0.102637594825
0.739446083819 -0.088691426533
0.742605845209 -0.074430157679
0.745242605374 -0.059893805634
0.747326762218 -0.045128664268
0.748833878519 -0.030186569884
0.749745691059 -0.015123850467
0.750050903126 0.000000000000
